#time0row7[msb-lsb],time0row6[msb-lst],....,time0row0[msb-lst]#
#time1row7[msb-lsb],time1row6[msb-lst],....,time1row0[msb-lst]#
#................#
00000000000000000000010000000010
00000000000000000000001100000010
00000000000000000000000000000100
00000000000000000000000000000000
00000000000000000000000000000000
00000000000000000000100000000010
00000000000000000000011000000011
00000000000000000000101000000100
00000000000000000000101100000100
00000000000000000000101000000011
00000000000000000000010100000011
00000000000000000000010000000011
00000000000000000000001000000010
00000000000000000000010000000011
00000000000000000000000100000011
00000000000000000000000000000101
00000001000000000000000000000100
00000000000000000000001100000000
00000000000000000000001100000000
00000000000000000000000000000000
00000000000000000000001000000000
00000000000000000000000000000000
00000000000100000000001100000010
00000000000100000000010100000110
00000000001000000000001000000101
00000000001000000000010000000011
00000000000100000000010000000011
00000000000100000000010000000001
00000000000100000000011100000001
00000000001000000000011000000010
00000000000100000000000100000000
00000000000000000000100000000000
00000000000000000000011000000011
00000000000000000000100000000101
00000000000000000000010100000100
00000000000000000000010000000010
00000000000000000000000000000100
00000000000000000000000000000000
00000000000000000000000000000000
00000000000100000000011000000001
00000000000000000000000000000000
00000000000000000000011100000000
00000000000000000000100100000100
00000000000000000000100000000100
00000000000000000000010100000011
00000000000000000000010000000011
00000000000000000000010000000011
00000000000000000000010000000011
00000000000000000000010000000100
00000000000000000000000000000011
00000000000000000000000000000010
00000000000000000000001000000001
00000000000100000000001000000001
00000000000100000000000100000000
00000000001000000000001100000001
00000000001000000000010100000010
00000000001000000000001100000010
00000000000100000000011000000101
00000000000100000000010000000111
00000000001000000000001100000011
00000000000100000000001000000000
00000000000000000000010100000001
00000000000100000000010100000011
00000000000100000000000000000010
