#col0row7[msb-lsb],col0row6[msb-lst],....,col0row0[msb-lst]#
#col1row7[msb-lsb],col1row6[msb-lst],....,col1row0[msb-lst]#
#................#
00000000000000000000000000000000
00000000000000000000000000000000
00000000000000000000000000001001
10010000000000000000100101110000
00000000000000000000000000000000
00000000000000000000000001110000
10010000100100000000100100000000
00000000000000000000000000001001
00000000000000000000000000000000
00000000000000000000000000000000
00000000000000000000000010010000
01110000000000000000100101110000
00000000000000000000000000000000
00000000100100000000000001111001
10010000100101110000100100000000
00000111000000000000100100001001
00000000000000000000000000000000
00000000000000000000000000000000
01110000000000000000000000000000
01110000100100000000000000000000
00000000000000000000000000001001
10010000000000000000000000000000
00000000000000000000000000000000
00000000000000000000000000001001
00000000000000000000000000000000
00000000000000000000000000000000
10010000000000000000100100001001
00000000000000000000100100001001
00000000000000000000100100000000
00000000000000000000000001111001
00000000000000000000100100000000
00000111100100000000000010010000
00000000000000000000000000000000
00000000000000000000000000000000
01110000000000000000000000000000
00000000100100000000000000001001
00000000000000000000000000000000
00000000000000000111000001110000
00000000011100000000000010010000
00000111000000000000000010010000
00000000000000000000000000000000
00000000000000000000000000000000
01110000100100000000000010011001
00000000100100000000100100000000
00000000000001110111000010011001
10010000000000000000000000000000
00000000011100000000000010010000
10010000000000000000000000000000
00000000000000000000000000000000
00000000000000000000000000000000
00000000000000000000000000000000
00000000000000000000100100000000
10010000000000000000000010010000
10010000000000000111100100000000
00000000000000000000100100000000
00000000100100000000000000000000
00000000000000000000000000000000
00000000000000000000000000000000
00000000000000000000000000000000
01110000000000000000100110011001
00000000100101110111011110011001
00000000100100000111000000001001
10010000000000000000100100000000
10010111000000000000100100000000
00000000000000000000000000000000
00000000000000000000000000000000
00000000000000000000000010010000
00000000000000000000000010010000
00000000100100000000000000000000
10010000000000000111000000000000
10010000000000000000000000000000
10010000000000000000000010010000
