#col0row7[msb-lsb],col0row6[msb-lst],....,col0row0[msb-lst]#
#col1row7[msb-lsb],col1row6[msb-lst],....,col1row0[msb-lst]#
#................#
00110001111111111111101111101101
00110001001101110010111000010001
00100001011111001111010110011100
01100000001100100001011110010011
01111100110100101111111111101101
01110001000001001111000101001101
01001110111000010010000011111111
01110010100111110001111011101110
01010011111011011111100111110010
01101111110101110001010100100001
00110110111111010000011111101111
00010000010011110000000010010010
00101110000000100000111011001110
01011101110000100000000100001011
00101110110000000001101111000001
00010000110111100000000100010000
00110011000110111111110011110101
01010001001101100000001000110000
00100111000100110010010011111001
00101101001100100000110011101011
10101110001101010001010111011110
01001111000001001111111001111011
00111110000101000001000000100000
01001111110111101110111101110100
11111100001000101110110011100100
11111110001100110001101111010001
00101100001010110001011100000011
00000010110111110011011110010000
11011011101011011110110111101100
11100010110000000000011101111111
00101010101001110001001011111111
01011110100100100000011100101111
00001111111000011111001001000101
01001100101101100001000110010000
00110110110000000000000011110001
11010000001000110001011110010010
11000000111000100000110100000100
11101101111100011110011100001101
11101101111001110001111111001111
01011111101100111111010000100011
11001110000100101111010100010111
00011111000001010001110110011100
11010111111001111111110111111010
10011110001101100000010000111111
10110000110101110000001011000001
11001101011000111111000101111110
00001101000001110001001011010000
00101110100100011111001001000111
11101110000111101111111010010111
01011101000111011111101011110010
10101010011100110001010100100000
01010100001000000100010010010011
00101101111100000000011100011111
00111100111000001111000001111101
00011001100100100000000011100001
11110100100111100001011100000010
11111110000000010000000100010111
01101101000100001111111111110010
11100010111100101111100100010011
00100011001001010011011110010111
00000010111001001111011100100001
00011001001110111111001000101101
11111101111111000000111011001110
00001110100110111111001110100000
00001011000101000001111000000111
00101110001111010000000011101101
11100010000111110000110100010011
10011111000101110001011101110101
11000010110101110000010011000001
11011001010111100000001101110010
00111111111111010000000010010000
11011110100110111111111111110101
