#col0row7[msb-lsb],col0row6[msb-lst],....,col0row0[msb-lst]#
#col1row7[msb-lsb],col1row6[msb-lst],....,col1row0[msb-lst]#
#................#
10011001000010010000011110011111
01111111000010010001011111111111
10011111111101110000011110011110
10011111000001110000100100011111
10010000111110010000100101111110
00001111111100110000011101111110
00001001111100010000000110011110
10011111111010010000110101111110
11101001000001110000000110011111
01110000000001110001110011111111
10010000111100110000011100111110
11111110000001110000011110111111
01110001000101110000100110010101
00011111111110010000001001111110
00001010111100011111001110011111
01110000111001001111100101111110
00011010111111100000110010011111
10011111000001110001110110010000
10010000111111101111001001111111
01111111000010010000111010011111
01110001010001110000001010010111
00110000111110011111011111111111
00001001000000011111111010010000
10010000111110011111011101111111
10011101000101110000011110010000
11111111000001110001111101110000
01001111111111110000011100101110
01110000001001110000011110010001
01110000111101110000100111101110
10011111000001110000001101111111
01101011111111110000010010011110
01111111111110010000011101111111
10011111000001110000011101111111
00100000000101110000100101111111
10011111111101110000011101111110
01111111000001110001011110011111
00110000001001110000100100100011
01111111111101110000011100001110
00111111111100011111011110011111
01110000111101111111100101111111
10011110111101111111001001110000
01000000000001110001011110011111
10011111111110010000100100111111
01111111000000010000000000000000
01110000001110010000100101110101
01111111111110011111011101111111
00001111000000101111000111011111
10010000111101111111001001111111
00011100001001110000111110010000
00110000000110110000100101010000
01000000111110010000110001111111
01111111001110010000001100000011
10010000000001110000001101000001
10011111000000010000100100010000
00011011111111110000001010011111
00011111000000000000001110010000
10011111000001110001000010011110
10010000000101110000011100001111
01111111111101110000100101111111
01111111001101110001011110010001
10010000000100010000110100100001
00010000000001110000100100111111
11111111111111011111000110011110
01110000000011110000011110010000
10011111000010010000011110011111
00000000000010010000001010011111
01110000000001110000100110011111
10010000001001110001100101110000
01110000000101110001000000000001
10010000000010010000011110011111
11110000111111100000111010011111
00000000000010010000100111010001
