#col0row7[msb-lsb],col0row6[msb-lst],....,col0row0[msb-lst]#
#col1row7[msb-lsb],col1row6[msb-lst],....,col1row0[msb-lst]#
#................#
01111001011100000000000001110111
00001001000000001001000010010111
01110000100110010000011101110000
10010111011100001001011101110111
01110000000000000000100100001001
10010000000001111001000000000111
00000000000000000000000000000000
00000000011101110000000010011001
01111001011100000000000001110111
01110000000000000000011110010111
01110111000010011001000001110000
10010111011110011001100100000000
01110111100100000111000000001001
10010000100101111001000001110111
00000000000000000000000000000000
00000000011101111001000010011001
01111001100100000111000001110111
01111001000001110000011110010111
01110000011110011001100101110000
00000111011110010000011100000111
01110000000000001001100101111001
10010111100100000000000010010111
00000000000000000000000000000000
01110000011100000000000010011001
01111001000010011001000001110000
00000111100101111001100100000111
01111001100110010111011110010000
00000111000001110000100100000111
00000111100100000000100101110000
00000000011101111001011100000000
00000000000000000000000000000000
00000000011101110000000010010000
01111001011100001001000001110000
01110111000001111001011110010000
01110000000010010111100100000111
00000111000000001001100100000111
01110111100101110111100101110111
00000111011101111001011100000000
00000000000000000000000000000000
00000000011101111001100110010111
01111001100100000000000001111001
00000111000001110000000000000111
01110000011110010000100110010111
10010111000000000111100100000111
00000111000000001001100101110111
00000111000000000000011110011001
00000000000000000000000000000000
01110000000000000111100110010111
10011001011101111001000001110111
01110000100100001001100110010000
01110000100110010111011110010111
00000000011100001001000001110111
00000111000001111001000010011001
01110000000010011001011110011001
00000000000000000000000000000000
00001001011100000111000000001001
00001001000001111001000001110000
01110111100100000000000010010000
00000000011100000000000010010111
00000000000010010000100101110111
01110111000000000111000010011001
00000000000000001001011100000000
00000000000000000000000000000000
00001001011101110111100100000000
01110000100101111001000000001001
01110000100101111001100100000111
00000000011110010111011110010111
00000111000000000111100100000111
00000111000001110000100100000000
01110000100110010000011110011001
00000000000000000000000000000000
01110000000000000111100110010000
